# Created by Octave 6.3.0, Sat Aug 28 15:24:12 2021 GMT <unknown@Legion>
# name: v
# type: matrix
# rows: 1
# columns: 10
 2104 1600 2400 1416 3000 1985 1534 1427 1380 1494


